1.0 -0.9677882580995868 -1.052839402356028
1.0 -1.2744153765748685 -0.9764255638700632
1.0 -1.528648878044093 -0.7747575804459004
1.0 -1.5504521508762663 -1.6858168659327606
1.0 -0.8256330905868152 -1.0049693066966496
1.0 -1.213720568102678 -0.8148949336923276
1.0 -0.7290426227617739 -0.6879960403955243
1.0 -0.7582009931747964 -0.5963321568752372
1.0 -0.5824500630471718 -0.7645349871021389
1.0 -0.7202346603820645 -1.0602011311223032
1.0 -1.131176779222827 -1.2804756549963066
1.0 -0.9716287234169698 -0.4152923973272261
1.0 -0.8691882594002799 -0.6821802770308385
1.0 -1.0382027728840908 -0.6002259470711926
1.0 -1.4502599440507211 -0.5084924532575987
1.0 -1.210482705388197 -0.997402482719739
1.0 -0.191788890295868 -0.9323149256582272
1.0 -1.1934836979920664 -0.9440123205000844
1.0 -1.5199137127321198 -0.8574135261782841
1.0 -0.9417622681082328 -1.7505245654675825
1.0 -1.1727896977374062 -0.6676873042118643
1.0 -0.2841662266794506 -1.5516569892414538
1.0 -0.7355745072606767 -0.9817520570764512
1.0 -0.7801921416336155 -1.0440026275094176
1.0 -1.2896024894795928 -1.9158817734665063
1.0 -0.5560193441411441 -1.0862392363730975
1.0 -1.3535012167616105 -0.8725242060709228
1.0 -0.4511621086959613 -0.5013449375454574
1.0 -1.9844905645134907 -1.6642764907007936
1.0 -0.3347649929347496 -1.4000224356389026
1.0 -1.3147149968299978 -0.4905121580143166
1.0 -1.0825639613200329 -0.9843581757047086
1.0 -1.0642951615822889 -1.2863080750362312
1.0 -0.8605357558927744 -1.1015117261245728
1.0 -0.8696089976056625 -1.2372421719096196
1.0 -0.2766306911541835 -0.6970888621178444
1.0 -1.0367808572546224 -0.7205297648280067
1.0 -0.8872251420074149 -1.686931769558193
1.0 -0.7488359264797604 -1.7869384931523822
1.0 -0.8831678249448706 -0.9901930847517116
1.0 -1.1093244077279285 -1.1972802970435203
1.0 -0.7316220396258635 -0.3249329115802603
1.0 -1.4133859303739609 -1.1996049172029375
1.0 -1.1723691108746646 -1.1664532298312638
1.0 -0.7734275052277029 -1.3963921228051082
1.0 -0.9864536354526824 -0.361995767948694
1.0 -0.7128059288171474 -0.4463011641082889
1.0 -1.226794996151365 -1.2006995488955905
1.0 -1.367621817281078 -1.2518960624352329
1.0 -0.9852223311928506 -0.6788365482463616
1.0 -1.0922024551989806 -1.5402639317686648
1.0 -1.647683991333454 -1.356013207604999
1.0 -1.0126084203654275 -1.2420615608741696
1.0 -1.0351379445535562 -1.060223439357588
1.0 -1.6913430213766705 -0.0836125569238416
1.0 -1.931901857547588 -1.7819523977170788
1.0 -1.2351822472690162 -1.7118295349833683
1.0 -0.2708730972873765 -0.1095487883431415
1.0 -0.8111117190478754 -0.9764188364807254
1.0 -0.1053260427587875 -0.5049618549891115
1.0 -1.4405830705757037 -1.5803137801946272
1.0 -0.9642675088327978 -1.3116411592566708
1.0 -1.502161093916836 -1.0541037823615784
1.0 -0.2381200934360912 -1.0030248233499122
1.0 -1.5449132176459086 -0.4648426206711731
1.0 -0.920464469724099 -0.7430877041698152
1.0 -0.7825008822479037 -1.1433687076913663
1.0 -1.4715125743556607 -1.4095347146528558
1.0 -0.4803730720747186 -1.0386076210095665
1.0 -1.2965006816037907 -0.7671252911595814
1.0 -1.5924181180088302 -0.8882553455460565
1.0 -0.9460490812488108 -0.6386220007698575
1.0 -1.0999080632319895 -1.51869278014892
1.0 -0.979847237328628 -1.1575309714001722
1.0 -1.209449270941836 -0.5617011271723638
1.0 -0.5108584914123534 -1.5210582444883058
1.0 -0.9658054692741876 -0.7928464062341227
1.0 -0.7288836287862365 -1.376131829090057
1.0 -1.656605117832199 -0.7985475654595701
1.0 -0.4776322922097799 -1.0092404309489431
1.0 -1.243745483865376 -0.2948731195473969
1.0 -0.4519440248905348 -0.9478047979699196
1.0 -1.4846600257706164 -0.8317696692200499
1.0 -0.9517366149184392 -1.475199214280333
1.0 -2.104058871934635 -1.4494915202600869
1.0 -1.2811762679528833 -0.9188782453408596
1.0 -0.650942521095281 -2.020642666362443
1.0 -0.8827845000102028 -0.9617089271943589
1.0 -0.4824774839673905 -1.1851281608756845
1.0 -0.7856020016799037 -1.1399097183836333
1.0 -1.555596473976346 -1.0520361351668572
1.0 -0.8076193910722986 -0.1499415854367343
1.0 -1.0188385199426164 -1.5245939238758623
1.0 -0.1947272541026038 -0.9408619710326988
1.0 -0.7630789954882795 -1.185367413405038
1.0 -0.5592823478423778 -1.0861969472265185
1.0 -0.7816132982512234 -0.8027543078964336
1.0 -1.198154425733706 -0.7164598248931378
1.0 -0.679315707960825 -0.8841094472176596
1.0 -0.645725802965287 -1.3446579697679306
1.0 -0.5826326427473201 -1.2156553939823922
1.0 -1.1038851396722107 -0.6795999032375308
1.0 -1.6360600810989294 -1.2073444250540448
1.0 -0.7152078810361899 -0.777927298131923
1.0 -1.2328136145964357 -0.6416938034538943
1.0 -0.4529714610693972 -0.5607681387441351
1.0 -1.2220129579336263 -1.715034431715815
1.0 -0.3750083804062684 -0.4761008296128728
1.0 -0.1995815528043215 -1.02565118923231
1.0 -1.4476481558835506 -0.8564777947297165
1.0 -0.7470343614457313 -1.2043755706478678
1.0 -0.5576087629912477 -0.7485205989272776
1.0 -0.8478982487273292 -1.5202605630868984
1.0 -1.4133707260048916 -0.4349477459496754
1.0 -1.5976289821192746 -1.7855952582425387
1.0 -0.4518741275483689 -1.5009733578316868
1.0 -0.8339982170101627 -1.4155251261044317
1.0 -1.7061435312041888 -1.1977749049815274
1.0 -1.5029220127182823 -0.7505137927451475
1.0 -0.5423351219521971 -0.8861607403388115
1.0 -1.2775231633498196 -0.9553167114675748
1.0 -0.5660995789529211 -1.3166194731063952
1.0 -0.5623546901433167 -1.0433746598057696
1.0 -1.351400986001714 -0.870813065528538
1.0 -0.4932596761655311 0.1022279416846215
1.0 -0.6443192677893539 -1.16115450515825
1.0 -1.6888078335593355 -1.8597338036560824
1.0 -0.8549696697173262 -1.4583295293543146
1.0 -0.6357137949610709 -0.6934122647473633
1.0 -0.5783029812981351 -0.4388554710974146
1.0 -1.1965333807715852 -0.4801867540298328
1.0 -0.5804264540213908 -0.4141335605754433
1.0 -1.5845573702813454 -1.0132884321236124
1.0 -1.4501174977910805 -0.5816824951905976
1.0 -0.9398420181451892 -0.6723442757279678
1.0 -1.0708389619574603 -0.8459762204617616
1.0 -1.197415061118145 -0.6302476504913025
1.0 -0.5790563341176634 -1.3051164328123694
1.0 -0.6420563772400569 -1.2523582817381935
1.0 -1.2741767463599225 -1.0574930148939856
1.0 -1.266263162977452 -1.2555493658773167
1.0 -0.4170761442938659 -1.1628066654148272
1.0 -0.7678025287521726 -0.4458305762269307
1.0 -1.2134922165758766 -1.2299448045003611
1.0 -1.580643609106017 -0.8284090789803346
1.0 -0.8950089955653799 -1.7314391615750528
1.0 -1.2345657567757642 -0.69255028840472
1.0 -1.4924160772088886 -1.3705481685511798
1.0 -1.046653242111498 -1.9905912630533047
1.0 -1.0009668260875293 -1.2679114227969714
1.0 -0.953108193786689 -1.1038013891874323
1.0 -1.2850980969239487 -0.6242314694364618
1.0 -0.9525443160612802 -0.8097659573323717
1.0 -0.9769519216854172 -1.2235639201204125
1.0 -1.0398816091031615 -0.9292757508227738
1.0 -0.960235123803529 -1.1003604855409808
1.0 -1.1613664111200253 -1.070437279761934
1.0 -0.4019114793432788 -0.4905027776260422
1.0 -0.7556285763998469 -0.6392327227548518
1.0 -1.3580335716971097 -1.7633053101176055
1.0 -0.3146640701270653 -0.2753718904727682
1.0 -1.8266843708817635 -0.7743426104014296
1.0 -1.2123435942813452 -1.099072261616601
1.0 -0.639803673596808 -1.298023865036257
1.0 -0.2149189706629293 -0.8949211590067011
1.0 -1.2673388726990853 -0.9759741641251533
1.0 -0.0676050968287507 -1.4109531643184594
1.0 -0.3064031498120895 -1.004670482119336
1.0 -0.5793908820126816 -0.8924083167967595
1.0 -1.080300866701161 -0.7536906884133037
1.0 -0.9770913813749283 -0.5774959904268328
1.0 -0.1910918894988057 -0.2708616285090306
1.0 -0.3788037232752058 -0.0879159700673935
1.0 -0.8587619111390988 -1.3425777657574032
1.0 -0.9157840758827496 -1.4326551038381248
1.0 -0.30284637349626 -0.2464223474922005
1.0 -0.7049489009771265 -1.5663908587805282
1.0 -0.9799375964165772 -1.3503650299456005
1.0 -0.916874296688076 -0.5166285837358432
1.0 -0.7572743905950836 -1.6270870299116464
1.0 -1.2626604370801493 -0.7407405116496981
1.0 -1.1886351098852392 -0.5839331990851773
1.0 -1.3470313279124857 -1.5670312425095605
1.0 -0.8432256599871643 -0.5980634127272335
1.0 -1.0805002564289694 -1.7854245272045284
1.0 -0.787222556769661 -1.2315616764263897
1.0 -1.5434272965458715 -1.1473215759251238
1.0 -1.3266110347496052 -1.2118623182758512
1.0 -0.5669000354546359 -0.7409936443543771
1.0 -0.8643768645245229 -0.897604716118735
1.0 -0.3456331489788802 -0.461013415166091
1.0 -0.5262234707475408 -1.391364606801115
1.0 -1.002978815351424 -1.2147006927883033
1.0 -0.7642429799261403 -0.3280709603721498
1.0 -1.0331573149762294 -0.8093515027386837
1.0 -1.1357152181803858 -0.9233512695908518
1.0 -1.4276099634398025 -1.1119745403502606
1.0 -0.7162635922355769 -0.3019081655121419
1.0 -0.6800885091425001 -0.0120200858725008
1.0 -1.097141147831859 -1.5601227711863783
2.0 0.10875582109573712 -0.06005190271322036
2.0 0.5631131427628129 0.1831977289348965
2.0 0.19205784000700232 -0.34207439373880333
2.0 -1.1980863617024207 0.04932571264302377
2.0 -0.34539711554121133 -0.38624765131762506
2.0 -0.20496627087315666 -0.8688511958988542
2.0 -0.11358222149619646 -0.1940546532199533
2.0 0.5676035448534205 -0.2832719763643373
2.0 0.9106680767151301 -0.08513127639557838
2.0 0.2140616064591092 -0.6094069220938737
2.0 0.4148706404457785 0.454861459997451
2.0 0.5535721076518714 -0.46054685682351193
2.0 -0.22910928587039492 -0.1175969305144039
2.0 -0.30789549363406676 -0.2058772890339372
2.0 0.06258860150506607 0.2441374838235384
2.0 0.24151616761480943 -0.3690274586273522
2.0 -0.5328965161343686 0.03788036484972768
2.0 0.35107235600223063 0.4772439802994215
2.0 -0.09524246488555577 -0.13023110172676033
2.0 -0.26625627798989726 -0.2562431390542005
2.0 0.4588730520712496 0.3060690015727834
2.0 0.0499921349887269 -0.03748258355877343
2.0 -0.14902137406652372 0.7772924428032275
2.0 -0.1452562738626243 0.01804148940175687
2.0 -0.1560627611445944 -0.9357644979330227
2.0 0.44904287584130564 0.4101696941469797
2.0 -0.7942612938898264 0.09014584931657876
2.0 -0.2138575210279362 -0.5248364917226015
2.0 -0.8707495438435707 -0.5039497041544283
2.0 0.43238930256346464 0.45636249436566123
2.0 -0.6282133356326324 -0.5869594923484915
2.0 -0.37032674231869156 -0.3440928514977567
2.0 -0.44178191258470645 -0.016113003245740054
2.0 0.4688922224171499 -0.3905709153643411
2.0 -0.02879297375172285 0.09238355691056022
2.0 -0.10614383180315579 -0.052151069496406355
2.0 -0.26424244120173435 0.6876237696591707
2.0 0.3752013558475775 0.2807540489556559
2.0 -0.6266738555604097 -0.42772590702286384
2.0 -0.29730501030554446 0.3055032211808224
2.0 0.2695556282705105 -0.14953549621972306
2.0 -0.7287956798015796 0.2728644708910808
2.0 0.0068461781846944625 -0.669467373905516
2.0 -0.21293804058025279 0.39693611897618997
2.0 0.780529040638597 0.37278099709270673
2.0 0.5074832246773415 0.3884430416438218
2.0 0.00658827265165951 -0.1812843890284377
2.0 0.15286597106149835 0.3573550299562549
2.0 -0.11580008808567055 -0.06301776639077261
2.0 1.4108103342717642 0.48893883560707607
2.0 -0.08715818277912879 -0.3099126800627128
2.0 -0.9008938648308538 0.0994574210188861
2.0 -0.2645752806816549 -0.0990203944779684
2.0 -0.2032048600621006 0.2879562072550079
2.0 -0.7129835171541977 0.1357406693454557
2.0 0.12542073513089402 -0.38519455522697754
2.0 0.6222924810639707 -0.4009960545106892
2.0 -0.23065293165322465 -0.5002982777554992
2.0 -0.5794889885170804 -0.5507924988793815
2.0 -0.32915497632507296 -0.5549306840039465
2.0 0.14688484314125083 -0.3280977300972906
2.0 -0.057443474721376786 -0.04648906537380704
2.0 -0.875612711192009 -0.539455485637752
2.0 0.2513657743200288 0.47849326436576245
2.0 0.2606573747358014 0.2047022305098365
2.0 -0.8089145867945071 0.2891560463335572
2.0 0.07388891755627447 0.2094348959200576
2.0 0.3377684692511187 0.36272484215186496
2.0 0.252803620280472 0.3098947880557339
2.0 -0.18845278200619353 -0.46579604735007263
2.0 0.4069470882645112 -0.2050626705194849
2.0 -0.5873794810034672 -0.18471341919104178
2.0 -0.8825378386600168 -0.29508209982593847
2.0 0.4517156900621897 0.4744019946510467
2.0 0.048817695457406884 -0.1154111213609803
2.0 0.30527386799058354 -0.38293270659121803
2.0 -0.3999090264174415 0.04935131326459197
2.0 0.7215991914569346 0.2934027752966777
2.0 -0.26385547838588685 1.0107362481081217
2.0 0.29705947785118103 0.6770538313635699
2.0 -0.5036581908175489 0.12894982006785072
2.0 -0.4457045975050762 0.35259721681147216
2.0 -0.4055502300156697 -0.2083785531074288
2.0 -0.12588728437654473 -0.7904562673666905
2.0 0.20066332869242176 0.5345977488874238
2.0 0.4551799456888621 0.16928370387673963
2.0 0.4466828131243403 0.8031725780448784
2.0 0.2682846962933647 0.5030229117609806
2.0 0.2630047080128288 0.4328226231598209
2.0 -0.115404292233651 -0.17834775897186284
2.0 -0.26745669951088835 0.3139272340003578
2.0 -0.035939240697966834 -0.17973134800965063
2.0 0.2405109513956376 0.17740325636619536
2.0 -0.2661962047510795 -0.09445754182749522
2.0 0.7476405525615344 0.3275587574902743
2.0 0.7047977396166121 1.1915927616502962
2.0 0.3490916169918945 0.024901864500413096
2.0 0.2327726674028594 -0.11539773069872628
2.0 -0.39027998345358794 0.4720609823534645
2.0 -1.0902138036341316 -0.5641882553000674
2.0 -0.3611210950093937 -0.10549961200378621
2.0 -0.6074204913272645 -0.6861708490408767
2.0 0.3443524998823302 0.22480134869905832
2.0 0.7283537645372229 0.40505916284261834
2.0 0.13091924474016792 0.2792792718062642
2.0 -0.1839728889314598 -0.04773249331959395
2.0 -0.45154412294033497 0.1520113832950829
2.0 -0.2449837705116158 -0.27349684446189304
2.0 0.3133534006677805 -0.6695534014434774
2.0 -0.013123018371225648 -0.24459262985622687
2.0 0.8408424424774259 0.5575410232283009
2.0 -0.38769945996590793 0.5542873704840816
2.0 -1.2055048368387362 0.09684770373914953
2.0 0.06387017597351119 -0.22532740375117044
2.0 -0.45949615065449245 0.03609633472784424
2.0 0.23617537091278074 -0.41229473426324925
2.0 0.06694433708332248 0.27682214704109476
2.0 0.6821090109795178 0.3493721561734979
2.0 -0.8214617191261201 -0.8654022008406077
2.0 0.20314510904450112 -0.08393218188461438
2.0 0.31059340804363744 0.7863982712520152
2.0 -0.581937097201504 -1.0126106603238325
2.0 0.4745187153918673 -0.16548435899258074
2.0 0.9921950592277309 -0.43264922086811786
2.0 0.08921959228300924 -0.4328259516404749
2.0 0.4652834603992808 -0.5997952362490081
2.0 0.08602036253410583 0.18146687112759396
2.0 -0.6786581909672376 -0.5750423472470063
2.0 0.2555199305651006 0.10643717719589207
2.0 -0.22844778433757407 0.2158057382334897
2.0 -0.15129663584668507 -0.17703065214428226
2.0 0.21665953090576995 0.3259539091617485
2.0 0.35254979430591193 -0.0035018121818848336
2.0 -0.7406042266336501 -0.30986819944511756
2.0 0.7272591634083594 0.3299498881188301
2.0 0.3100949042541621 0.5017554570872638
2.0 -0.10678480164851867 -0.17508014922514514
2.0 0.43144322500730836 0.8211388702927791
2.0 -0.43107568403338714 -0.6465449605697087
2.0 0.024220131083289687 -0.9139567703744497
2.0 0.392472722295367 0.19578403833454328
2.0 -0.1614472664708928 -1.045412640605964
2.0 -0.11078144116125865 -1.2823505803510045
2.0 -0.39366909736812694 -0.16862513544461688
2.0 0.12852609111466795 0.08161122341250682
2.0 -0.1306985066041918 -0.21411075152840642
2.0 -0.0865016230168546 -0.1776961346414767
2.0 0.7671099581528584 0.3885630022354021
2.0 0.22510611440595074 -0.15049285778301014
2.0 -0.25258429906788604 -0.011817324796022377
2.0 0.212607167940291 -0.1283625015530807
2.0 -0.8642748249188832 -0.4258837871670538
2.0 -0.8102141817054854 0.5560287439158924
2.0 -0.2779348784305644 0.7451015871105335
2.0 -0.44649959211887735 -0.03351280687533742
2.0 -0.20229862838323653 0.2942362472296356
2.0 0.3792206208797513 0.6379421419202496
2.0 0.14821849189780822 -0.6494076159435981
2.0 -0.8206696790578296 -1.2531735541165836
2.0 -0.14930451156052604 0.4759910381163337
2.0 0.8298482950179928 0.22689778172218844
2.0 -0.3406736866421023 -0.7095415696087066
2.0 -1.247808648856057 -0.012969534823260354
2.0 -0.9799896431930105 0.07180696370220807
2.0 -0.5539747297131812 0.6806046009639213
2.0 0.3099707893385628 -0.016528251077168377
2.0 -0.28126647641125624 -0.16079356053269245
2.0 0.1036946095404887 -0.46718409373970016
2.0 -0.08592711344869397 -1.1410078940716162
2.0 -0.20991032944214705 -0.35980232863894257
2.0 0.6578718728652049 0.6571782678012066
2.0 -0.6553192307183209 -0.6318442357819256
2.0 -0.6099378467871188 -0.05193135441914398
2.0 -0.14122780688675318 -0.6771591819315276
2.0 0.41215548873249563 0.7307040478021829
2.0 0.5096320410565629 0.6809121962010516
2.0 -0.9056129454595984 -0.5996237750923246
2.0 0.2504228813610725 -0.39489926125194075
2.0 -0.3679152484392426 0.3266289869816299
2.0 -0.13425549171023765 0.4274127072924143
2.0 -0.8775488218814432 0.17595951300202017
2.0 -0.17791857241441067 -0.0329359823252372
2.0 -0.3991254838952465 0.03548338128812367
2.0 -0.3481235282438635 0.11558599706330153
2.0 0.6456213083622528 -0.024829953354037038
2.0 0.5157132680993357 0.9753830483426107
2.0 0.23695324890171165 -0.34509802119517774
2.0 -0.5454560775807745 -0.45608969608964867
2.0 -0.5555139123645959 -0.1261617639014958
2.0 0.12998066636394756 0.06779290385238568
2.0 -0.8784710096206934 -0.6887041890946513
2.0 -0.04393011701130156 -0.5643784289848375
2.0 -0.34442116718778204 -0.40392937626220826
2.0 0.163954176877517 -0.1187124034204694
2.0 -0.5416789257327681 -0.14550018731768843
2.0 -0.08350817854200965 -0.5838241299943157
2.0 -0.8042810509728342 -0.5071292487719763
2.0 0.029733148105343554 -0.19819284363271816
2.0 -0.10604236022186642 -0.48836627098744034
2.0 -0.7814162280647977 0.23529907413211681
